[Variables]
mmu__revision = 328
mmu_calibration_bowden_home = 'encoder'
mmu_calibration_bowden_lengths = [1228.2172755000001, 1228.2172755000001, 1228.2172755000001, 1228.2172755000001, 1228.2172755000001, 1228.2172755000001, 1228.2172755000001, 1228.2172755000001]
mmu_calibration_clog_length = 31.330356509999937
mmu_encoder_resolution = 0.966573
mmu_gear_rotation_distances = [23.473592, 23.473592, 23.473592, 23.473592, 23.473592, 23.473592, 23.473592, 23.473592]
mmu_selector_bypass = -1
mmu_selector_offsets = [4.1, 27.5, 50.9, 74.3, 97.7, 121.1, 144.5, 167.9]
mmu_state_filament_pos = 0
mmu_state_gate_selected = 6
mmu_state_gate_status = [0, 0, 0, 0, 0, 0, 1, 0]
mmu_state_tool_selected = 6
mmu_state_tool_to_gate_map = [0, 1, 2, 3, 4, 5, 6, 7]
mmu_statistics_counters = {'servo_down': {'count': 36, 'limit': -1, 'warning': ''}, 'mmu_restarts': {'count': 43, 'limit': -1, 'warning': ''}, 'cutter_blade': {'count': 0, 'limit': -1, 'warning': ''}}

